.Random.seed <-
c(403L, 10L, -1659247696L, -698906930L, 1945687097L, 1111599691L, 
886013946L, -1364485380L, 1210691391L, 1118486549L, -1458941140L, 
154499074L, 843858653L, 2074618327L, -1682250562L, -309010696L, 
1796771035L, 1855622969L, 680274568L, -1545990602L, 1884520049L, 
-383230813L, -569059854L, 369743172L, 930059783L, -1772547107L, 
1811283156L, -929520646L, 2022495045L, -191182945L, 1347865894L, 
1944360368L, -901509549L, 1234749809L, -1084088160L, 1512108094L, 
1929156425L, -1801650693L, 834609610L, 483381036L, -1684197585L, 
181050853L, 1791467676L, 704906482L, -1193738899L, -1258698073L, 
1451975886L, 839076392L, -508716501L, 168325193L, -412012200L, 
1692198918L, 615946721L, 1379787635L, -857868318L, -1133650092L, 
1242042967L, -1083243955L, -2101352988L, -328679478L, 1415774773L, 
-606009201L, 782399894L, 1775584576L, 98736131L, -1962571231L, 
-1886270192L, -519650578L, -894984551L, 1194565419L, -1439573478L, 
411863260L, -1498331937L, 1530512053L, 458249292L, -869717854L, 
-627775491L, -1349774089L, 1264353822L, -806208296L, -1359249349L, 
755272153L, 1145597800L, 72049302L, 521333777L, 979844547L, -246152750L, 
495536228L, 915859367L, -619812611L, 1315192052L, 1496423386L, 
-1801965787L, -1176799681L, -1539768890L, 2125765200L, -924641677L, 
2138741393L, 1991664320L, -6978402L, 1605462121L, -2069019493L, 
-600801878L, 1078177228L, -221527921L, -902217531L, 49672316L, 
-2091529006L, 313844813L, -85691129L, -457303826L, -1670235704L, 
189062859L, -1114878167L, 236771192L, -2138018650L, -1852604735L, 
-2049165485L, -16796670L, -610594508L, -628983113L, -1864669523L, 
-1313740860L, 891703274L, 1127059541L, -17273361L, -1042778634L, 
-828435680L, -1644147485L, 575441281L, 874938352L, -1040425330L, 
-600235527L, -22238325L, -2076514374L, 253912764L, 1250000383L, 
-2005566635L, -1027543956L, 1031080130L, -1385293027L, -1923804777L, 
407947518L, -573941064L, 292562075L, -777395463L, 1830724680L, 
-1202092170L, -531938639L, 597791459L, 2120634802L, -1085316604L, 
-1207264953L, -163208163L, 822680212L, 1127354938L, -1316578171L, 
-856194721L, -2118217242L, -1250262928L, 573277075L, -634272719L, 
276810464L, -1309226114L, -1716485623L, -667792837L, 683971594L, 
-1912247316L, -822017937L, -31809627L, -1061066916L, 1240427314L, 
-338832851L, 1875886311L, 1626763790L, -370176024L, 93663723L, 
-1400454519L, -92079592L, 1951166790L, 1986838433L, 613560883L, 
1486770082L, -1430517100L, 2030059799L, 547528461L, 248092196L, 
-25215478L, -796768395L, -235482417L, -58087978L, -673830528L, 
-2014142013L, -1941014687L, 100535760L, -264405714L, 393792729L, 
1651574507L, 1390617434L, 200586524L, 2001781791L, -760805259L, 
376378636L, 1964751074L, 712159677L, -1013369289L, 590671070L, 
1905162264L, 748775291L, -909760743L, 1246575528L, 1968663382L, 
1711174609L, -2059790461L, 1057636882L, 1555273124L, -492629657L, 
1037156029L, -262339020L, 1479736730L, -1491760667L, -484559489L, 
-249381626L, 887170704L, -24072397L, -587698991L, 470709888L, 
-84992162L, -781222743L, 763537512L, -1676582836L, -804432644L, 
1242232818L, -132989696L, -1435085452L, -1450178552L, 2034611130L, 
1800168912L, 1776406508L, -1529303660L, 721525202L, 660955488L, 
-576922804L, -1770354400L, 1733355394L, -156842264L, -232558356L, 
-431069124L, -42594446L, 713547376L, 1067424804L, -1776974024L, 
-1312975718L, -422010160L, -154908484L, -1306225004L, -1375814014L, 
-505018176L, 487055164L, 1914400912L, 1065039394L, 565656584L, 
1620860172L, -522183524L, -173952494L, -475577472L, 1433433620L, 
1186117160L, 815766842L, -1271720496L, 1554542700L, 1601381684L, 
-1454783854L, -1323985056L, 1899040588L, 445550560L, 862047138L, 
1784212392L, 1602820492L, -1356970820L, 800338290L, 1289580784L, 
-1839579068L, -407990952L, -925539782L, 1814765424L, -296719300L, 
-1286567148L, -893594174L, -1105275168L, 1666659196L, -1671458096L, 
-1929341790L, 632317992L, -1024718580L, 1760465852L, 259441970L, 
1275855296L, 666366516L, 494847944L, 1909974202L, -1662330480L, 
-755064340L, 776191572L, -351048558L, -1755202784L, -499949108L, 
1700183520L, 247148226L, -1638862808L, 1917574828L, -2109345604L, 
850810354L, 1920425264L, 31556772L, -1332747592L, -1507346086L, 
-56241776L, 1049595772L, 1131964692L, -975360190L, 1076776704L, 
126411708L, 1885420368L, 997740322L, -1620253368L, -2081896948L, 
-906469284L, -2109589294L, 912782848L, 889108820L, 30295528L, 
-1002462214L, -1548718896L, -288081620L, -885934348L, -1302301294L, 
1005035616L, -388795124L, -258473248L, -418093726L, -413218136L, 
-483020212L, 1603579260L, -1491263182L, 1591073904L, -988888252L, 
798226904L, -1683637126L, 1748008496L, 2067718844L, -1379726508L, 
-1584299966L, 776133024L, -194885956L, 685409744L, 1474669922L, 
-1726226456L, -790868020L, 1843510012L, -1838473742L, 731387008L, 
546496756L, -16981368L, -2120334534L, 1080069968L, 832746092L, 
59766932L, -12799662L, -1646475552L, -1888203060L, -1244868448L, 
-1005148286L, -1841629464L, -2086084884L, 1646813244L, 507858546L, 
-1419371408L, -362425820L, 1866629176L, -364849126L, -608827696L, 
692489276L, 568390804L, -882698110L, 790253504L, -1328838340L, 
-290816368L, -1611282398L, -673523704L, -175506292L, 1192305692L, 
-681033070L, -671178624L, -1518033900L, 1752338728L, -721569222L, 
610854096L, 887864428L, 32202420L, 2123601938L, -913149984L, 
-1863566388L, -1864591904L, -1618593246L, 2123924776L, 952327436L, 
-1353435588L, 1985644786L, -143874320L, -64000188L, -1777539496L, 
782969402L, -1494102288L, -1182607172L, 2016676372L, -144405310L, 
1971973216L, -761938564L, 1683032272L, -917373918L, -1553901912L, 
-8664180L, -2013788740L, 1749251122L, -419926208L, 308823220L, 
-1027375288L, -1310612806L, -831131888L, 556725484L, -589128620L, 
-1175380206L, -2103930976L, 2144359372L, -2132866208L, -1074830142L, 
-1474429400L, 209468844L, -286287044L, -624777358L, -904913104L, 
1938318884L, 1786043448L, 1527134426L, 998600080L, 533887740L, 
1125098388L, -1754198206L, 1969862144L, 1866587708L, 581681744L, 
-159396190L, -1857475768L, -87191028L, 575510748L, 324951393L, 
24346022L, -245317724L, -699225515L, -1287161089L, 94830488L, 
-1761275722L, -1473678013L, 1674933381L, -1994371806L, -882780656L, 
-329730631L, 1851868779L, 298695004L, -318025590L, -977618817L, 
-593069623L, 4553310L, -941739764L, 1781556445L, 993866215L, 
-958092784L, -144898258L, 1024494555L, -1980789571L, 1697926698L, 
-762207544L, 1844025329L, -1288808093L, -1942042268L, 1235602578L, 
-1522982553L, 1968354097L, -1966704522L, -1065311852L, 951174565L, 
-2100871505L, -1850316952L, 954370886L, -1621431565L, -1463286699L, 
-1009448910L, 1869776384L, 1502357225L, -901237413L, -2058659924L, 
964705210L, -1407089297L, 1362366201L, -978839666L, -1964846500L, 
-479022899L, 1394769975L, 77994688L, -959488610L, 1382674027L, 
1994204653L, 630928474L, -1858288872L, 199108737L, -1095545293L, 
-1899588524L, -1600597918L, 1487754999L, 1550330177L, 1426264006L, 
1091564804L, -200217419L, 1170131871L, -596728840L, 1995210198L, 
-87047069L, -2106527707L, 883984322L, 912334000L, 184408281L, 
-731902389L, 1220830396L, 1895521002L, -810280161L, -90582103L, 
-1541630658L, -1465295828L, -1150838147L, 2055591111L, -1646775888L, 
-1680368690L, 307579131L, -585265315L, -607753078L, 667572904L, 
2145019409L, 1563244291L, -27127292L, 1669929522L, -1182381433L, 
-30544175L, 1621522518L, -828143564L, 1820650309L, 956258703L, 
-1924411128L, 893831974L, 1382007763L, -1724762827L, 621483154L, 
-331756448L, 33515977L, 6013179L, 914882252L, -27036838L, 197547599L, 
-1677741287L, 1076526L, 190330684L, 469324973L, 1997236055L, 
1308994208L, 399213566L, 1436463819L, 465167565L, -12933126L, 
-860750792L, 798338529L, 416757395L, 1862522036L, 1326964162L, 
-367563305L, -1649397215L, 794649062L, 1440610532L, 1389856789L, 
197539903L, -638265384L, -475964938L, 444889603L, 1675570501L, 
-1787897502L, 1376834256L, 2112507385L, -91921109L, 630752924L, 
-1787853622L, 1600384447L, -843378423L, 554594846L, 1545617356L, 
